Times (in seconds) for the algorythm to complete depending of its depth


Depth 1
0.00377465499999996
0.005005005000000118
0.005573515000000029
0.005305850999999251
0.005376542000000484
0.0057365740000037135

Depth 2
0.009952638000000014
0.016728772000000447
0.0171266370000005
0.013849377999999746
0.014324144999996236
0.011874518000006162
0.008516998000004605
0.012302425999990874
0.008724644000011494
0.01434266699999398

Depth 3
0.06378587399999969
0.06411178799999995
0.08426508700000035
0.0876557499999997
0.09029670199999984
0.07104387800000111
0.06623094199999713
0.04297933299999812
0.02227356399999536

Depth 4
0.19657146200000009
0.22139379900000034
0.231907219
0.14649597100000022
0.09124981500000118
0.23993867099999733
0.14644155500000267
0.10313040700000187
0.19016817700000388
0.03949849900000402
0.03013135499999464

Depth 5
0.820252038
0.7139837729999998
0.5739252419999996
0.6643546590000007
0.34852982499999996
0.7826185989999992
1.1066968330000009
0.6324465949999976
0.39544606199999777
0.1072520130000072

Depth 6
3.966294044
3.944042303999998
7.720182656999999
4.584380305000003
3.767327360000003
1.9172827620000064
2.6813187759999977
1.6324448660000002
1.3527143140000106
1.3011450159999924
0.39387024300000917

Depth 7
14.118967012999999
13.495194383
10.740469636
15.499001743999997
14.428458274999997
3.942097426999993

Depth 8
37.025599338
31.885802025000004
33.49462097
48.145303429999984
55.791178452999986
19.828347478000012
24.05617889100006
10.260457542999916
5.620991367999977
3.368669964999981
0.2506866200000104
